6268
28023
12899
3070
12240
6196
3909
2768
9549
5721
9752
1869
2236
5214
3352
18441
9924
12488
3632
5490
5053
35877
36906
7908
3754
214
9833
5200
3346
1146
433
7903
1483
8761
6070
7883
1637
31723
5362
2656
35277
4478
8610
2229
40089
818
5769
53683
23167
161533
839
60601
1108
1824
8
2392
638
31331
4464
43799
4126
23291
10555
8827
9687
5858
4807
22570
1886
87654
2066
14023
709
34532
5458
25605
36989
107620
24232
416
44862
36199
30779
1903
5530
1483
99
2008
51069
5688
8113
25934
1536
2976
27671
263
847
22580
1071
955
