1140800
48835000
26735000
831480
17021702
99125000
88905000
415198
17041090
223794
65360000
398310
2317100
53818804
2290869
4340930
1367655
4235565
39337872
2887960
16623360
111685000
1250910
90820730
7697502
4042311
218065000
2606208
439650
793350
0
1482375
1641574
153240000
47446471
89385000
8309120
108428355
33543720
785730
20755455
2659743
5883120
1138860
7847190
445998
639023
4508012
5822572
10712832
110844
2756568
401212
0
107552
99031830
279048
670850
86046560
161685
640
67730000
1118758
630558
4445785
10136126
935589
538056
2093
11985408
402684
19158480
109404
19847121
29854064
6418599
8573756
141000000
30622680
1891692
5146816
6991370
10888108
386058
12640662
89616436
18441
383656
22946129
110705000
899925
3998
1179943
13601632
24210264
128464
448630
5343973
0
4548636
